125172414803847317799374693563710439370967336466967807574008808844258658747649452037082711185376949707984222911699869261168523771095422585391414532477911006585156150942941634432118080745992879545545658589484889190281419736370817588789785911930781745571957016470686608780184069418763017328785700747602377444719
156913824811059346326835326372096102774519348151625806856702204089787464191052305525135764693033379007215117535047949061065152165586943462405567673592576486320348535170399874599456485587214741249360870160157204356358327257156816763891391684677506143058506625160427919826031299001125290284124986034634313231441
105677237391682047195671332480033827604381877527144787256910978822168532564705883073684237848641861072330064092751496799836468407182126703146089485574014227373618727991480936090875077673578294370353948706674278211845552006270850657348406181965458420874720102039715838374659792939061238716868826654476527628341
176809131978409365007267029291192543584039458787649949214549924943064030067977766139980025559420261652461628755953443830122363559130353456264617474244832172380069051691366003320210291603274923594631487107745525932764162814058962900164382325722906623134517761221898290856340759144479159648063965892027186561157
116017409446959310941780205318667376683534813429160605595883593797618390049799260614283812598376390424382098080820112379176357113838529394070152061132248633774093684881404238608347835184539447175849398055507080537620280781614139215419438578893600599399527476092646215732515513309311300966155490619037885062949
161060921140262651254895038076978767383374799480758055318121119278087148206224062212592259939099843051388971696095863444111857028623432650166389250337517911474413364351865637094661438834106006512228187267607256722007984409759422303701896164847822976413849018411120009413725168954046053692466641357282089546893
148713221496059763433696334532271616941384497553671283183098957435886378181329031847326445829071429421221293043964342005298168393406609505608513148728592166814814067458699382713384787682538625275467736908319246906994970867629452773881406481160900261484537511694948071478002567396480714196038774653220725203777
111950995719071723027463702899425117705555196659501930904675202682813761229442699913177802966342536028299687218846301602768502946312823690013067549748246031085430826178476654491229250848612910968238304209698780905966928128813650507836540983750038892677752647578588086283796503058235684837278531498290062526361
174090237749565958653031485974551463132835748616669316476125954868612387886690952155295540173523325611963557959496165271888329057895194898829901440797307638455955738979854660034840072358951231172408403778044832022961118022024372897333834959577359195639665552064658813505849267834084670299211993820366335922699
93829727987297403789536719078919168910156865229961943676631812862082673880032877652409647153858328584882823247369362801785282535221710508466201922673698584214612882686642939762956836575885059155178573712627754514919798217823307845557910038675102344453277804363290470837783726824821050578101077126003929949093
143915370253734135467069243998850380067717309136344539963587581519420576755864087689676658020467308176675620379682043890293004810397534468879313020221871206295793867015861988609171417913519432896350624080942874035029529406392884325666332155983447542194981605686992630015739026423511824729714091749664976537047
147656941532389222830565412467333559595931897848128613277883337330776420836487256695803974572096338022396572485757911797280580053139797636422638603111316598210911922241630729659810330670097231000143463751701413097715780541430256068976416939253181662830555823214572709170284941497463194323943969479038688129663
171350903183234459449343177286176175832672675193057599998476255839630624206678675054166509453196340489580028791449537031204296335347920947529864799055253500458027712845573587399077365246832118725930613535190629133900492010566279956639142293890894321116376067731904520253765860360247248811649480743251067425267
132779333254850310997994632173244377894252177786947738065344573522655714411259006931350862413755327334371170343861074196596241638786280681992837781816387659460419049453529039102589585823366705271043080235475229097666501150130774629328975229630373573939515321771807690035417235769190467805557908552772879299971
116268242608607978701210797965247255560157455028889143441538441530030168429151054021333095383311844880067313268978698197128699247978390597204665113477894645263800231632646092109651334623163371527868733627621535690100860712458502783477199769774932542501214114512690676479739800692775235890517580864360349829337
127057508916122973229919021878779377577490430642919059302232003282010113839026431953901345621009029099266066024477431509901579254215403059329688539618101385409690750245953782439755396650652530177263904009162489701342506961314754474323613051072536466713349140867848360468467717724029386175429422997890994740259
Fin fichero