-150440758966152185067678868725354367171605430377233183518987878395459983269046160408022824919126194976384145910245886754254940200748218026673402510281707466991159509938343391320286634717439026250287999853043968984120091570429961943098366702414568855683988242678355733917789376457100435043156398708547688877363

-149785277377686560138815148699357304303385330582096369097095497267993355247384332005849436110681597003328839716666767961756050729953446765115427960687436552407440821479824131167608516924630368882385531943707220756656773882350566907562978184810778395745621304514063200179910875585535816857562620394191060595449

-155385919041332352576397575977023538685497159695190105205780174530450522287054498731568028992182284447927920939799773039393603279091618662967249181566782025636172700897365025992561141952896023429917267584754904069673908347923770842699916097719376526753673182841254555295924070572407940343921287848729891613509

-112848734777961716149456416085319427964131755542372628698291806388746008258088707566846402783570429184547967041814673494701944628392477453242485944555018161478689067541286985120698120522769739282867207252460986905441869025499229504479029084399568482999124270327380474537867409412014513520675330125413045978537

-121346078581194378653700378865560024289326167008471281697980340050353110190454367749013572512193633863035540403678896535771043244801958577655816563308925490250766363142662107971977298559759790040185024659053819382380174437260513669113917229226862037626736814209040924246660818527161304622406520585878382897199

-151914657934934782301822006696464424608062106990712130173862744356792204683372662987960512956748997609329075614108253011039801935046815712417106870477611983017727822167172426641774904705515480178174553084648747506990264125137834454138761755453819733355778062013424935878529876750655566106600771197229894235033

-106789403825317372071213050707792535753238903081272023014024019820285880185021781867974587225965297030226631420863652113205533883043173093126826507179379139754270442482020857387924882604580887871452982542520986050793133618437986271179094516596501578419275808569174925413322160762984275418472634944357745920589

-93438430387769955079798568852985792679085734589756261364283675224376804869143487770006546666984118787932941935259062235400964923346479381244119307573380399610966988462671210964168771635918168108410145006481370259390892678140525693111791822273787258340706929140380008314505426777055512808364653038472478384783

-176833423631862768374481666074160188614798651143767759405975753876830330390107813623424266793051258433322868581460520310756716012330919931459937275157143486479859013952434816991806721319852062442936126722945263640493411107865305219579132467235719760482528241624399234465015537773048019340913931640075631944829

-91687059077246294362698651771414238473963809426037065073363807747594392547350488012772533272219766454314313027019261367917870385258453913875294106410753624474490280741854561045412541149163583590907750514983446357907076577663102335273974205007007986794969598446084668787420955899809200514103122105401437994171

-145970791351651804481820377323168176323358247955588284332557604310746093655991552054604664597809532615589927910804227269142051325920507308223201914749477740003131926644467055106675698269087883515355137911617625257531981131503492900939639926281703927707163688161933507648658274343904795879859983324950015331599

-98881463926760358841342848264855325533920902060211849038753406079853762396208652554892363498830038930237634726879838141953361650134682133536780466134927285647529040657524959158346350391440417903225864290015328039061903065844442460417211258475800796745989490659605673935368518752372856522413520682211183933589

-161026423006897497592111639749111347999250602832843006968230927325952834674086115678414569048589092471830738812588043616492704542865916927432761375709608451699564526134457934935935924335416955879869992647844828190077222971549553280884997539271298635920113636819293540329242877905822468291359459299238619059911

-144617569086096983734615871948726928098441267723982078495222783708662402671890190186639231843902485863127499926801302152744380871435069561198579959260571223211212451602451561871456061328029054330814220433109574276716120921861256108726925394982928872888762042511405887283633692182999323702754290367739559183127

Fin
